99.898942 